2.0  |  1489
-2.0  |  56
3.0  |  56793
-3.0  |  1935
4.0  |  3083
-4.0  |  5946
5.0  |  6699
-5.0  |  78
6.0  |  19560
-6.0  |  619
7.0  |  3883
-7.0  |  3683
-8.0  |  5905
8.0  |  589
9.0  |  12071
-9.0  |  83
10.0  |  1723
-10.0  |  156
11.0  |  1556
-11.0  |  53
12.0  |  18283
-12.0  |  6120
13.0  |  7413
-13.0  |  41
14.0  |  71695
-14.0  |  1112
15.0  |  3618
-15.0  |  50
16.0  |  692
-16.0  |  548920
-17.0  |  11650
17.0  |  920
18.0  |  2598
-18.0  |  13746
19.0  |  7870
-19.0  |  11004
20.0  |  3098
-20.0  |  5835
21.0  |  16695
-21.0  |  169
22.0  |  528
-22.0  |  56
23.0  |  675
-23.0  |  38
24.0  |  2670
-24.0  |  6233
25.0  |  1216
-25.0  |  37
26.0  |  2381
-26.0  |  141
27.0  |  12484
-27.0  |  47
28.0  |  15505
-28.0  |  5908
29.0  |  896
-29.0  |  62
30.0  |  1020
-30.0  |  76
31.0  |  2102
-31.0  |  385
32.0  |  3742
33.0  |  5535
-32.0  |  40710
-33.0  |  50
35.0  |  22649
34.0  |  2972
-34.0  |  95
-35.0  |  249
37.0  |  696
36.0  |  1997
-36.0  |  12510
-37.0  |  38
39.0  |  1170
38.0  |  2017
-38.0  |  78
-39.0  |  100
41.0  |  9621
40.0  |  1857
-40.0  |  7817
-41.0  |  94
43.0  |  57766
42.0  |  5259
-43.0  |  590
-42.0  |  60
44.0  |  6001
45.0  |  937
-44.0  |  6027
-45.0  |  328
46.0  |  909
47.0  |  3568
-46.0  |  904
-47.0  |  33
49.0  |  3455
48.0  |  4467326
-48.0  |  11196
-49.0  |  45
50.0  |  3032
51.0  |  2753
-50.0  |  143
-51.0  |  98
53.0  |  1628
52.0  |  877
-52.0  |  6067
-53.0  |  32
55.0  |  2375
54.0  |  1419
-54.0  |  59
-55.0  |  41
56.0  |  10258
57.0  |  18321
-56.0  |  5924
-57.0  |  81
59.0  |  1685
58.0  |  358
-58.0  |  71
-59.0  |  39
61.0  |  1760
-61.0  |  7949
60.0  |  976
-60.0  |  5999
63.0  |  1361
62.0  |  3693
-62.0  |  43
-63.0  |  83
64.0  |  4301
67.0  |  2568
65.0  |  4035
-64.0  |  43371
-66.0  |  209
-65.0  |  9347
-67.0  |  180
66.0  |  832
69.0  |  1995
71.0  |  13604
70.0  |  8707
68.0  |  877
-68.0  |  5887
-69.0  |  27
-70.0  |  145
-71.0  |  69
72.0  |  17069
73.0  |  6423
74.0  |  961
75.0  |  1250
-75.0  |  1288
-72.0  |  7627
-74.0  |  50
-73.0  |  48
78.0  |  16016
76.0  |  2792
77.0  |  3334
79.0  |  2280
-76.0  |  6124
-78.0  |  71
-79.0  |  160
-77.0  |  58
83.0  |  2954
82.0  |  775
-80.0  |  6445
81.0  |  706
80.0  |  669
-83.0  |  49
-82.0  |  59
-81.0  |  31
86.0  |  14541
85.0  |  14832
84.0  |  3284
-84.0  |  5979
-85.0  |  56
87.0  |  347
-86.0  |  155
-87.0  |  52
91.0  |  3017
89.0  |  1367
88.0  |  910
-90.0  |  9268
-88.0  |  6373
-89.0  |  55
90.0  |  1355
-91.0  |  43
93.0  |  219818
95.0  |  710
92.0  |  973629
-92.0  |  5860
-94.0  |  10155
94.0  |  4873
-93.0  |  665
-95.0  |  38
97.0  |  1633
98.0  |  1290
99.0  |  10733
96.0  |  1072925
-96.0  |  7213
-99.0  |  245
-97.0  |  75
-98.0  |  54
100.0  |  3800629
101.0  |  5136
102.0  |  1119
-100.0  |  5784
103.0  |  1190
-101.0  |  978
-102.0  |  57
-103.0  |  44
107.0  |  9476
106.0  |  1692
105.0  |  1644
-104.0  |  1039995
104.0  |  1879
-107.0  |  59
-105.0  |  49
-106.0  |  69
108.0  |  538157
111.0  |  45399
-108.0  |  6001
110.0  |  567
-110.0  |  68
-111.0  |  11940
109.0  |  568
-109.0  |  54
115.0  |  7959
113.0  |  5185
114.0  |  7777
-112.0  |  6618
112.0  |  2737
-115.0  |  132
-113.0  |  45
-114.0  |  61
-119.0  |  7265
117.0  |  487
118.0  |  1497
116.0  |  981354
-116.0  |  5998
119.0  |  830
-118.0  |  51
-117.0  |  41
123.0  |  808435
122.0  |  15449
120.0  |  2223
121.0  |  7641
-123.0  |  202605
-120.0  |  5660
-122.0  |  682
-121.0  |  87
125.0  |  719
-126.0  |  2002
126.0  |  1777
-124.0  |  5242
127.0  |  2186
-125.0  |  86
124.0  |  433
-127.0  |  43
129.0  |  5706
128.0  |  1035832
131.0  |  1223
134.0  |  2769
135.0  |  4180
133.0  |  1188
132.0  |  1407
-132.0  |  5237
-135.0  |  166
-128.0  |  988641
-129.0  |  53
-131.0  |  154
-130.0  |  1431
-133.0  |  694
130.0  |  4178
-134.0  |  82
136.0  |  4172
142.0  |  4577
143.0  |  2930
137.0  |  55895
140.0  |  7308
-136.0  |  1036896
-138.0  |  52
-139.0  |  50
-137.0  |  751
138.0  |  373
139.0  |  991
-140.0  |  37030
-143.0  |  50
-142.0  |  66
141.0  |  1850
-141.0  |  55
144.0  |  5450
151.0  |  28648
149.0  |  7939
148.0  |  1093
150.0  |  4228
145.0  |  400
147.0  |  2684
-145.0  |  61
146.0  |  629
-144.0  |  2828610
-148.0  |  5278
-147.0  |  46
-146.0  |  63
-149.0  |  48
-151.0  |  628
-150.0  |  86
155.0  |  1795
152.0  |  80017
153.0  |  465
-152.0  |  453093
159.0  |  2191
158.0  |  6447
156.0  |  3588
157.0  |  1684
154.0  |  669
-153.0  |  31
-157.0  |  622
-155.0  |  67
-154.0  |  136
-156.0  |  5137
-159.0  |  2549
-158.0  |  67
162.0  |  635
166.0  |  56723
165.0  |  10565
163.0  |  3692
164.0  |  3213
167.0  |  476
-164.0  |  5507
-160.0  |  5489
-161.0  |  46
-162.0  |  62
-163.0  |  38
-165.0  |  104
-166.0  |  557
-167.0  |  34
161.0  |  1023
160.0  |  713
174.0  |  671
172.0  |  3506
173.0  |  1616
169.0  |  1286
175.0  |  977
170.0  |  2828
-169.0  |  38391
171.0  |  2161
168.0  |  1342
-168.0  |  5480
-172.0  |  5524
-175.0  |  46
-174.0  |  69
-170.0  |  66
-171.0  |  31
-173.0  |  108
179.0  |  7696
-181.0  |  546082
176.0  |  3424
180.0  |  3890578
181.0  |  12353
177.0  |  1738
178.0  |  3450
-177.0  |  39
-176.0  |  5155
-178.0  |  40
-179.0  |  106
183.0  |  186520
182.0  |  785
-180.0  |  893691
-183.0  |  116
-182.0  |  56
184.0  |  2275
187.0  |  17085
185.0  |  2574
186.0  |  1285
191.0  |  992
-188.0  |  333238
-191.0  |  227
-190.0  |  301
-189.0  |  534
-186.0  |  565
-184.0  |  5299
-185.0  |  278
-187.0  |  244
190.0  |  729
189.0  |  877
188.0  |  1436
192.0  |  2548
195.0  |  20340
199.0  |  2066
194.0  |  7697
193.0  |  35052
196.0  |  807
198.0  |  1422
-192.0  |  5331
-195.0  |  702
-194.0  |  235
-193.0  |  1622
-196.0  |  6183
-199.0  |  287
-198.0  |  275
-197.0  |  248
197.0  |  976
202.0  |  1752
201.0  |  16464
200.0  |  2192
203.0  |  798
207.0  |  4927
206.0  |  1535
-200.0  |  2321498
-201.0  |  220
-203.0  |  263
-202.0  |  250
205.0  |  2021
204.0  |  933
-205.0  |  328
-206.0  |  262
-207.0  |  141
-204.0  |  5605
209.0  |  23011
212.0  |  2141
215.0  |  23687
208.0  |  6621
214.0  |  2123
213.0  |  1708
210.0  |  614
-209.0  |  428
211.0  |  1210
-212.0  |  5477
-213.0  |  51
-211.0  |  42
-210.0  |  106
-214.0  |  85
-215.0  |  420
-208.0  |  6803
216.0  |  12683
223.0  |  5477
217.0  |  587172
221.0  |  1818
219.0  |  1356
218.0  |  448
222.0  |  14082
220.0  |  1260
-217.0  |  24857
-216.0  |  52709
-220.0  |  5287
-222.0  |  837
-223.0  |  61
-218.0  |  771
-221.0  |  45
-219.0  |  521
224.0  |  4821
230.0  |  15900
225.0  |  1084
229.0  |  5654
231.0  |  24846
227.0  |  6303
226.0  |  858
-225.0  |  28
228.0  |  1892
-224.0  |  7410
-231.0  |  204
-230.0  |  69
-228.0  |  6980
-226.0  |  46
-227.0  |  41
-229.0  |  49
238.0  |  5491
237.0  |  2925
236.0  |  8520
239.0  |  1596
233.0  |  2371
232.0  |  567
234.0  |  1252
-233.0  |  75
235.0  |  1297
-236.0  |  5585
-234.0  |  89
-235.0  |  30
-237.0  |  94
-238.0  |  359
-239.0  |  78
-232.0  |  6307
246.0  |  60022
245.0  |  9022
244.0  |  442508
243.0  |  2009
242.0  |  3249
-240.0  |  2066185
-243.0  |  117
-242.0  |  91
-245.0  |  68
-241.0  |  100
247.0  |  442
241.0  |  2206
240.0  |  1404
-246.0  |  15527
-247.0  |  46
-244.0  |  5412
248.0  |  1877
251.0  |  5290
252.0  |  5913
250.0  |  8645
254.0  |  759
249.0  |  1184
253.0  |  5949
-248.0  |  3823602
-249.0  |  49
-252.0  |  5662
-254.0  |  61
-255.0  |  44
-250.0  |  97
-253.0  |  513
-251.0  |  3507
255.0  |  1197
262.0  |  3274
269.0  |  1192
258.0  |  7805
260.0  |  31381
-258.0  |  61
-259.0  |  59
-257.0  |  74
261.0  |  459
-256.0  |  5105
-268.0  |  5379
-269.0  |  46
-271.0  |  44
-270.0  |  88
-264.0  |  5366
-260.0  |  5529
-265.0  |  48
-266.0  |  107
-267.0  |  112
-263.0  |  63
-262.0  |  59
-261.0  |  63
264.0  |  1832
259.0  |  7779
268.0  |  980
265.0  |  5446
266.0  |  2219
267.0  |  2414
271.0  |  2782
270.0  |  1223
256.0  |  7748
263.0  |  895
257.0  |  2153
276.0  |  51300
273.0  |  86748
278.0  |  1644
277.0  |  1675
-275.0  |  49258
-273.0  |  14684
-274.0  |  122
-272.0  |  5377
-276.0  |  5940
-282.0  |  630
-281.0  |  60
-283.0  |  54
-277.0  |  42
-279.0  |  73
-278.0  |  58
-284.0  |  5175
-285.0  |  53
-286.0  |  51
-287.0  |  62
-280.0  |  12537
281.0  |  18624
280.0  |  1627
282.0  |  3563
283.0  |  968
279.0  |  5710
286.0  |  3206
285.0  |  2708
284.0  |  771
287.0  |  6696
275.0  |  11681
272.0  |  2399
274.0  |  20278
293.0  |  1618
289.0  |  19479
295.0  |  9531
300.0  |  3354
301.0  |  1675
302.0  |  10179
303.0  |  10524
297.0  |  890
296.0  |  1486
299.0  |  608
298.0  |  793
288.0  |  31916
294.0  |  2942
-302.0  |  35552
-300.0  |  117968
-301.0  |  38
292.0  |  4784
-289.0  |  309
-290.0  |  59
-291.0  |  58
-288.0  |  5185
-292.0  |  5263
-293.0  |  42
-295.0  |  43
-294.0  |  63
-296.0  |  5633
-299.0  |  82
-297.0  |  144
-298.0  |  53
-303.0  |  86
291.0  |  1676
290.0  |  385
308.0  |  2103
307.0  |  1892
310.0  |  9165
317.0  |  9648
-304.0  |  86174
-306.0  |  56
-307.0  |  98
-305.0  |  550
-308.0  |  5289
-311.0  |  934
-310.0  |  57
-309.0  |  7130
-313.0  |  54
-314.0  |  85
-315.0  |  53
-316.0  |  5264
-317.0  |  74
-319.0  |  54
-318.0  |  298
-312.0  |  8331
315.0  |  1710
316.0  |  5671
306.0  |  1914
305.0  |  871
304.0  |  17821
311.0  |  900
318.0  |  5344
313.0  |  1148
312.0  |  722
319.0  |  434
314.0  |  2307
309.0  |  2586
326.0  |  1290
332.0  |  8299
-333.0  |  87164
-328.0  |  17757
-334.0  |  1489
-335.0  |  38
-330.0  |  54
-329.0  |  57
-332.0  |  5231
329.0  |  1986
335.0  |  1720
328.0  |  623
333.0  |  5724
334.0  |  619
324.0  |  8459
325.0  |  48815
331.0  |  3493
330.0  |  3658
-331.0  |  39506
-320.0  |  5241
-321.0  |  65
-323.0  |  49
-322.0  |  57
-324.0  |  5137
-325.0  |  162
-326.0  |  212
-327.0  |  50
320.0  |  3787787
327.0  |  477
323.0  |  4000
322.0  |  1590
321.0  |  1821
-336.0  |  5119
338.0  |  5490
340.0  |  246921
-337.0  |  132
-338.0  |  7333
-339.0  |  84
342.0  |  1300
341.0  |  568
-340.0  |  10786
-345.0  |  98
-346.0  |  104
-347.0  |  346
-341.0  |  52
-342.0  |  62
-343.0  |  71
-348.0  |  5130
-349.0  |  68
-350.0  |  67
-351.0  |  47
-344.0  |  8346
349.0  |  1208
350.0  |  938
351.0  |  1897
346.0  |  5006
347.0  |  2186
345.0  |  3765
344.0  |  2437
339.0  |  5369
348.0  |  436
337.0  |  4729
336.0  |  992
343.0  |  1690
352.0  |  6559
361.0  |  6384
363.0  |  763
362.0  |  874
360.0  |  177057
357.0  |  610
367.0  |  3933
353.0  |  4284
354.0  |  59569
-362.0  |  87681
-361.0  |  82
-360.0  |  9176
-364.0  |  5343
-366.0  |  130
-367.0  |  41
-365.0  |  64
-363.0  |  1671
-352.0  |  5089
356.0  |  565
-355.0  |  168
-353.0  |  38
-354.0  |  232
-356.0  |  5079
-357.0  |  76
-359.0  |  43
-358.0  |  54
366.0  |  5685
364.0  |  1155
355.0  |  559
365.0  |  713
358.0  |  2345
359.0  |  4206
372.0  |  1349
369.0  |  78416
375.0  |  6381
383.0  |  69267
376.0  |  67520
378.0  |  1014
377.0  |  791
379.0  |  596
368.0  |  15130
-376.0  |  8366
-380.0  |  5940
-382.0  |  61
-383.0  |  166
-381.0  |  51
-368.0  |  5447
-369.0  |  4887
-370.0  |  49
-371.0  |  34
-372.0  |  5785
-377.0  |  57
-378.0  |  81
-379.0  |  80
-373.0  |  48
-374.0  |  89
-375.0  |  51
382.0  |  8628
373.0  |  3978
374.0  |  1364
381.0  |  3721
371.0  |  1008
370.0  |  645
380.0  |  24363
389.0  |  8278
397.0  |  9754
-384.0  |  5926
388.0  |  2944
-387.0  |  38
-386.0  |  172
-385.0  |  44
-392.0  |  8370
-388.0  |  5876
-395.0  |  218
-394.0  |  76
-393.0  |  44
-391.0  |  1269
-390.0  |  68
-389.0  |  62
-396.0  |  5613
-397.0  |  64
-399.0  |  44
-398.0  |  6598
398.0  |  11641
399.0  |  736
396.0  |  7295
386.0  |  6251
387.0  |  2428
385.0  |  723
395.0  |  1894
394.0  |  1136
393.0  |  824
392.0  |  662
390.0  |  2430
384.0  |  354
391.0  |  438
404.0  |  25757
415.0  |  6524
400.0  |  818
405.0  |  1659
407.0  |  857
406.0  |  847
401.0  |  1612
-400.0  |  5934
-405.0  |  318
-406.0  |  47
-407.0  |  48
-403.0  |  54
-402.0  |  61
-401.0  |  198
-404.0  |  5693
-408.0  |  38974
-415.0  |  111
-409.0  |  46
-410.0  |  56
-411.0  |  63
-412.0  |  5886
-413.0  |  125
-414.0  |  56
411.0  |  6599
402.0  |  2026
410.0  |  6439
403.0  |  2007
412.0  |  9045
408.0  |  820
409.0  |  1261
414.0  |  653
413.0  |  465
417.0  |  2048
418.0  |  17702
419.0  |  1295
421.0  |  555
426.0  |  7219
427.0  |  1687
416.0  |  1441
422.0  |  1435
423.0  |  1559
425.0  |  8873
428.0  |  543
431.0  |  1671
424.0  |  3761
430.0  |  1007
429.0  |  1526
-427.0  |  15829
-426.0  |  81
-425.0  |  62
-428.0  |  5842
-429.0  |  33
-431.0  |  45
-430.0  |  67
-424.0  |  6164
420.0  |  567
-419.0  |  70
-417.0  |  50
-418.0  |  52
-416.0  |  5726
-421.0  |  1302
-423.0  |  33
-422.0  |  68
-420.0  |  7483
439.0  |  9000
435.0  |  606
447.0  |  7105
434.0  |  76299
441.0  |  3513
443.0  |  1090
442.0  |  470
438.0  |  1465
437.0  |  1219
436.0  |  696
-435.0  |  42
-434.0  |  1870
-433.0  |  57
-444.0  |  5954
-447.0  |  38
-446.0  |  43
-445.0  |  38
-440.0  |  5881
-436.0  |  5776
-437.0  |  125
-439.0  |  39
-438.0  |  55
-443.0  |  56
-442.0  |  130
-441.0  |  242
-432.0  |  6077
433.0  |  9240
432.0  |  4978
440.0  |  3145
446.0  |  3172
445.0  |  1186
444.0  |  2125
455.0  |  6512
460.0  |  2718
463.0  |  58725
456.0  |  926
462.0  |  12148
-456.0  |  26457
-458.0  |  62
-459.0  |  57
-457.0  |  43
-460.0  |  5856
-462.0  |  58
-461.0  |  40
-463.0  |  1324
454.0  |  2885
453.0  |  4089
-448.0  |  6009
-453.0  |  158
-455.0  |  76
-454.0  |  70
-449.0  |  1937
-451.0  |  47
-450.0  |  1013
452.0  |  1587
-452.0  |  5745
448.0  |  19656
457.0  |  782
459.0  |  801
458.0  |  1551
461.0  |  3803
450.0  |  1215
451.0  |  2508
449.0  |  739
476.0  |  10099
474.0  |  4354
469.0  |  4626
477.0  |  20310
468.0  |  9022
-467.0  |  48
-465.0  |  35
-466.0  |  117
-474.0  |  62
-475.0  |  39
-473.0  |  155
-468.0  |  5667
-470.0  |  167
-469.0  |  63
-471.0  |  106
-464.0  |  5534
-472.0  |  5426
-476.0  |  5716
-478.0  |  1951
-479.0  |  36
-477.0  |  134
473.0  |  765
475.0  |  2774
478.0  |  644
479.0  |  1263
472.0  |  1383
470.0  |  2533
464.0  |  837
471.0  |  542
465.0  |  685
466.0  |  1508
467.0  |  2402
484.0  |  3082
482.0  |  2699
492.0  |  16427
483.0  |  2970
489.0  |  3978
488.0  |  1119
493.0  |  511
494.0  |  497
495.0  |  2655
490.0  |  4884
491.0  |  31816
-485.0  |  21780
-486.0  |  58
-487.0  |  49
-480.0  |  5771
-482.0  |  154
-483.0  |  67
-481.0  |  51
-488.0  |  5630
-490.0  |  72
-491.0  |  57
-489.0  |  45
-492.0  |  7324
-494.0  |  64
-495.0  |  117
-493.0  |  43
-484.0  |  5800
480.0  |  2545
481.0  |  2404
486.0  |  1592
487.0  |  1604
485.0  |  1228
502.0  |  760
498.0  |  14329
497.0  |  14205
505.0  |  7994
506.0  |  17633
507.0  |  552
504.0  |  2737
511.0  |  1706
503.0  |  6386
496.0  |  2118
500.0  |  2855
-500.0  |  5774
-496.0  |  5682
-503.0  |  43
-501.0  |  44
-502.0  |  339
-498.0  |  65
-499.0  |  196
-497.0  |  109
-508.0  |  6068
-509.0  |  44
-511.0  |  99
-510.0  |  55
-504.0  |  5660
-506.0  |  186
-507.0  |  1648
-505.0  |  49
501.0  |  899
510.0  |  1709
509.0  |  4115
508.0  |  837
499.0  |  1384
512.0  |  5823
-520.0  |  5943
-540.0  |  6098
-536.0  |  5747
-538.0  |  50
-528.0  |  11502
-530.0  |  46
-542.0  |  95
-532.0  |  5685
-534.0  |  52
-512.0  |  5914
-526.0  |  96
-524.0  |  5786
-522.0  |  62
-514.0  |  21111
-516.0  |  5820
-518.0  |  61
528.0  |  91378
530.0  |  652
532.0  |  4307
540.0  |  28758
542.0  |  13951
534.0  |  3497
518.0  |  2526
536.0  |  542
538.0  |  2165
516.0  |  1681
514.0  |  514
520.0  |  15306
526.0  |  5618
524.0  |  1894
522.0  |  583
544.0  |  958
568.0  |  1059
564.0  |  4208
566.0  |  751
572.0  |  446
574.0  |  997
556.0  |  4509
558.0  |  662
550.0  |  2503
548.0  |  3085
570.0  |  5197
546.0  |  3912
554.0  |  1854
552.0  |  6780
-550.0  |  4764
-564.0  |  6027
-560.0  |  7660
-562.0  |  52
-574.0  |  52
-572.0  |  5910
-568.0  |  5980
-570.0  |  63
-556.0  |  5816
-552.0  |  5774
-554.0  |  49
-566.0  |  55
-544.0  |  6370
-558.0  |  48
-546.0  |  1216
-548.0  |  5871
562.0  |  8062
560.0  |  971
578.0  |  16540
586.0  |  20661
600.0  |  15195
582.0  |  931
580.0  |  955
604.0  |  1496
602.0  |  975
584.0  |  5572
-604.0  |  10883
-600.0  |  5627
-602.0  |  53
-592.0  |  9327
-594.0  |  70
-606.0  |  84
-584.0  |  5929
-598.0  |  63
-586.0  |  465
-596.0  |  5830
-588.0  |  6003
-580.0  |  5800
-582.0  |  97
-576.0  |  6649
-590.0  |  50
-578.0  |  213
592.0  |  55582
594.0  |  597
596.0  |  1402
598.0  |  2708
576.0  |  5310
590.0  |  4482
588.0  |  808
606.0  |  3319
622.0  |  1247
-616.0  |  5941
610.0  |  1919
608.0  |  4126
-636.0  |  6195
-638.0  |  70
-632.0  |  7310
-634.0  |  42
616.0  |  1615
-624.0  |  9556
-628.0  |  5828
-630.0  |  78
-626.0  |  109
-620.0  |  5940
-622.0  |  140
-618.0  |  656
-608.0  |  38302
-612.0  |  5717
-610.0  |  112
-614.0  |  54
620.0  |  1942
618.0  |  1527
634.0  |  2576
632.0  |  1528
614.0  |  7338
612.0  |  1318
626.0  |  1812
638.0  |  521
624.0  |  596
636.0  |  10616
628.0  |  7761
630.0  |  353
648.0  |  2942
-656.0  |  11108
666.0  |  63491
668.0  |  637
-666.0  |  151661
-664.0  |  5898
-668.0  |  5765
-670.0  |  46
-660.0  |  5738
-658.0  |  126
-652.0  |  5847
-648.0  |  6292
-650.0  |  69
-644.0  |  6453
-642.0  |  179
-646.0  |  49
-640.0  |  11897
-654.0  |  10462
-662.0  |  3588
670.0  |  3480
658.0  |  4013
662.0  |  1060
660.0  |  664
656.0  |  4832
664.0  |  4423
646.0  |  1376
640.0  |  1559
654.0  |  6249
642.0  |  8325
644.0  |  4022
650.0  |  10147
652.0  |  453
672.0  |  6170
-692.0  |  5869
-700.0  |  5923
-696.0  |  6218
-698.0  |  139
-688.0  |  24893
-690.0  |  68
-702.0  |  1743
-684.0  |  5727
-680.0  |  6172
-682.0  |  58
-694.0  |  413
-672.0  |  9330
-686.0  |  49
-676.0  |  6209
-678.0  |  97
-674.0  |  119
700.0  |  1359
698.0  |  2173
678.0  |  2981
696.0  |  1018
676.0  |  608
674.0  |  726
680.0  |  42894
688.0  |  582
690.0  |  3575
702.0  |  1402
694.0  |  32281
692.0  |  2921
686.0  |  2735
684.0  |  2431
682.0  |  903
712.0  |  1821
-712.0  |  25537
708.0  |  8375
-724.0  |  273346
-722.0  |  136
-726.0  |  101
-704.0  |  5910
-708.0  |  5635
-710.0  |  54
-706.0  |  47
-716.0  |  5773
-714.0  |  51
-718.0  |  59
-732.0  |  5983
-734.0  |  60
-720.0  |  5751
-728.0  |  5600
-730.0  |  66
714.0  |  2080
710.0  |  735
728.0  |  2119
706.0  |  2556
718.0  |  1154
704.0  |  831
716.0  |  1732
730.0  |  10295
732.0  |  567
722.0  |  6492
724.0  |  4429
726.0  |  2233
720.0  |  11674
734.0  |  1284
750.0  |  10786
760.0  |  83383
752.0  |  31291
748.0  |  1333
746.0  |  629
766.0  |  8451
758.0  |  10473
756.0  |  2659
754.0  |  1246
736.0  |  13355
738.0  |  5554
742.0  |  1646
740.0  |  823
744.0  |  11479
-740.0  |  5838
-742.0  |  57
-738.0  |  529
-736.0  |  6324
-756.0  |  5720
-744.0  |  5922
-758.0  |  240
-748.0  |  5907
-746.0  |  61
-750.0  |  51
-752.0  |  6021
-754.0  |  48
-766.0  |  53
-764.0  |  5828
-760.0  |  13981
-762.0  |  52
764.0  |  12809
762.0  |  2081
776.0  |  3173
798.0  |  812
790.0  |  23509
786.0  |  2424
774.0  |  31744
792.0  |  1572
794.0  |  2204
788.0  |  17171
784.0  |  1405
796.0  |  3144
-788.0  |  6366
-796.0  |  6306
-784.0  |  5821
-798.0  |  53
-786.0  |  56
-792.0  |  5616
-794.0  |  2858
-772.0  |  5801
-770.0  |  68
-774.0  |  192
-768.0  |  5892
-780.0  |  5705
-782.0  |  123
-776.0  |  5784
-790.0  |  390
-778.0  |  52
778.0  |  1775
782.0  |  1084
780.0  |  2169
770.0  |  7000
768.0  |  811
772.0  |  6665
812.0  |  872
808.0  |  4549
-808.0  |  15363
-800.0  |  6066
-812.0  |  5579
-810.0  |  100
-814.0  |  63
-804.0  |  5841
-806.0  |  55
-802.0  |  77
810.0  |  1938
-818.0  |  36848
-820.0  |  5889
-822.0  |  124
-816.0  |  18875
-828.0  |  5968
-830.0  |  79
-824.0  |  7184
-826.0  |  80
814.0  |  6853
806.0  |  1282
804.0  |  469
802.0  |  12888
800.0  |  3549
826.0  |  990
828.0  |  4294
830.0  |  6884
824.0  |  26184
818.0  |  10741
820.0  |  2431
822.0  |  2629
816.0  |  16339
844.0  |  3276
838.0  |  8227
854.0  |  104521
846.0  |  7892
852.0  |  5025
860.0  |  4224
858.0  |  2074
856.0  |  1236
850.0  |  947
848.0  |  694
862.0  |  444
-840.0  |  9298
-844.0  |  6084
-842.0  |  80
-846.0  |  71
-852.0  |  10319
-854.0  |  4748
-850.0  |  67
-858.0  |  67
-856.0  |  7855
-848.0  |  6361
-860.0  |  6007
-862.0  |  65
842.0  |  650
840.0  |  1160
-836.0  |  5973
-838.0  |  49
-834.0  |  62
-832.0  |  6304
836.0  |  2508
832.0  |  5986
834.0  |  4758
868.0  |  55288
884.0  |  543
886.0  |  1638
866.0  |  4617
864.0  |  1515
878.0  |  1312
876.0  |  1128
880.0  |  5208
882.0  |  17754
870.0  |  478
888.0  |  1545
892.0  |  1256
890.0  |  1615
894.0  |  2584
874.0  |  2324
-876.0  |  58097
-878.0  |  49
-864.0  |  6022
-868.0  |  6376
-866.0  |  50
-874.0  |  15808
-888.0  |  67322
-884.0  |  5939
-882.0  |  103
-880.0  |  5859
-872.0  |  14895
-886.0  |  68
-892.0  |  6637
-894.0  |  43
-890.0  |  255
872.0  |  2245
-870.0  |  49
910.0  |  5682
-896.0  |  5854
926.0  |  32548
918.0  |  19865
916.0  |  2289
-908.0  |  5963
-910.0  |  49
-906.0  |  1135
-900.0  |  6066
-898.0  |  142
-902.0  |  52
904.0  |  2595
-920.0  |  11095
-922.0  |  73
-924.0  |  6094
-916.0  |  5884
-918.0  |  62
-912.0  |  10946
-926.0  |  172
-914.0  |  43
-904.0  |  22402
908.0  |  1036
906.0  |  617
912.0  |  14832
914.0  |  1007
896.0  |  8122
898.0  |  341
924.0  |  3757
902.0  |  2899
922.0  |  682
920.0  |  1064
900.0  |  10537
938.0  |  3924
952.0  |  1450
948.0  |  61148
950.0  |  900
940.0  |  10577
942.0  |  583
-932.0  |  5957
-930.0  |  62
936.0  |  2388
-934.0  |  1097
-936.0  |  16646
-928.0  |  6060
-940.0  |  5967
-938.0  |  169
-942.0  |  47
-944.0  |  6426
-948.0  |  7207
-950.0  |  48
-946.0  |  71
-952.0  |  140965
-954.0  |  64
-956.0  |  5958
-958.0  |  120
932.0  |  36542
934.0  |  515
930.0  |  1708
928.0  |  652
946.0  |  7312
958.0  |  2383
944.0  |  1232
954.0  |  3377
956.0  |  484
974.0  |  2035
986.0  |  1358
990.0  |  18985
988.0  |  1502
976.0  |  6351
982.0  |  4820
960.0  |  3073
978.0  |  622
980.0  |  1256
962.0  |  18798
966.0  |  1446
964.0  |  1334
984.0  |  2959
970.0  |  942
972.0  |  1498
968.0  |  3019
-964.0  |  6558
-966.0  |  43
-980.0  |  5911
-988.0  |  5927
-976.0  |  6008
-978.0  |  53
-990.0  |  74
-984.0  |  6247
-986.0  |  51
-972.0  |  5915
-970.0  |  12824
-968.0  |  90467
-982.0  |  53
-960.0  |  5984
-974.0  |  38
-962.0  |  89
1004.0  |  4870
1022.0  |  854
1008.0  |  1133
1020.0  |  18354
1012.0  |  14854
1014.0  |  2860
1010.0  |  2264
1006.0  |  16371
992.0  |  948
1000.0  |  1876
-996.0  |  6088
-998.0  |  75
-994.0  |  65
-1012.0  |  6011
-1010.0  |  42
-1014.0  |  90
-1000.0  |  7407
-1004.0  |  5924
-1006.0  |  987
-1002.0  |  60
-1016.0  |  6129
-1018.0  |  55
-1008.0  |  5867
-1020.0  |  6061
-1022.0  |  43
-992.0  |  7324
1002.0  |  1341
998.0  |  3621
996.0  |  3743
994.0  |  2782
1018.0  |  2535
1016.0  |  675
-1028.0  |  21027
1056.0  |  20277
-1056.0  |  5957
-1060.0  |  6325
-1068.0  |  6598
-1064.0  |  7698
-1084.0  |  5928
-1076.0  |  6020
-1072.0  |  5980
-1080.0  |  5849
-1024.0  |  5935
-1048.0  |  6124
-1044.0  |  6737
-1052.0  |  5982
-1036.0  |  5827
-1032.0  |  6009
-1040.0  |  23868
1040.0  |  10041
1044.0  |  751
1076.0  |  6652
1080.0  |  4835
1084.0  |  4873
1048.0  |  6391
1068.0  |  2027
1064.0  |  2460
1060.0  |  4600
1052.0  |  2612
1024.0  |  2007
1036.0  |  675
1072.0  |  803
1032.0  |  2487
1028.0  |  631
1104.0  |  4850
1092.0  |  7220
1100.0  |  119855
1136.0  |  1335
1140.0  |  1862
1144.0  |  357
1148.0  |  1940
1132.0  |  1571
-1100.0  |  6598
-1096.0  |  5984
-1088.0  |  29183
-1092.0  |  6080
-1104.0  |  9044
-1108.0  |  5975
-1112.0  |  6254
-1132.0  |  6354
-1124.0  |  5995
-1120.0  |  14668
-1144.0  |  6121
-1148.0  |  6565
-1140.0  |  6000
-1136.0  |  55989
-1128.0  |  6111
-1116.0  |  5916
1112.0  |  3500
1108.0  |  590
1120.0  |  4502
1124.0  |  4753
1128.0  |  7326
1116.0  |  985
1088.0  |  1146
1096.0  |  920
1168.0  |  5406
1180.0  |  56496
1152.0  |  1042
1200.0  |  2191
1156.0  |  10852
1164.0  |  9901
1160.0  |  1343
1212.0  |  3302
1184.0  |  3810
1192.0  |  2792
1196.0  |  791
1188.0  |  857
-1152.0  |  410617
-1180.0  |  34340
-1160.0  |  9993
-1156.0  |  5976
-1164.0  |  5863
-1176.0  |  13271
-1200.0  |  97676
-1204.0  |  6009
-1168.0  |  267119
-1172.0  |  5886
-1196.0  |  5892
-1184.0  |  23938
-1212.0  |  5962
-1188.0  |  5876
-1192.0  |  6972
-1208.0  |  6169
1172.0  |  4504
1176.0  |  958
1208.0  |  25246
1204.0  |  3886
-1224.0  |  5834
1220.0  |  2494
1216.0  |  1422
1244.0  |  10172
1240.0  |  3057
1224.0  |  826
1228.0  |  1444
-1220.0  |  5661
-1216.0  |  67441
-1244.0  |  6043
-1240.0  |  5887
-1260.0  |  5745
-1236.0  |  5882
-1232.0  |  5980
-1256.0  |  5938
-1252.0  |  5904
-1248.0  |  5992
-1276.0  |  5878
-1272.0  |  6062
-1264.0  |  6203
-1268.0  |  5936
1232.0  |  1032
-1228.0  |  6021
1236.0  |  6836
1256.0  |  1582
1252.0  |  5366
1276.0  |  1383
1248.0  |  1318
1260.0  |  3001
1272.0  |  8256
1268.0  |  1989
1264.0  |  5912
1300.0  |  2594
1288.0  |  40646
1308.0  |  1491
1304.0  |  778
1280.0  |  5966
1328.0  |  1446
1332.0  |  10643
1292.0  |  1843
1284.0  |  5201
1316.0  |  10916
1324.0  |  2205
1320.0  |  903
-1316.0  |  5668
-1336.0  |  5955
-1340.0  |  5836
-1312.0  |  5888
-1328.0  |  6105
-1332.0  |  27292
-1320.0  |  6027
-1324.0  |  5843
-1296.0  |  7807
1296.0  |  1200
-1292.0  |  5902
-1288.0  |  6859
-1308.0  |  7279
-1304.0  |  5930
-1280.0  |  6801
-1284.0  |  5764
-1300.0  |  6003
1336.0  |  2092
1312.0  |  752
1340.0  |  710
-1356.0  |  5825
1344.0  |  9614
1348.0  |  594
1372.0  |  1629
1388.0  |  3314
1384.0  |  535
1380.0  |  3842
1376.0  |  384
1404.0  |  1702
1368.0  |  85553
1360.0  |  7449
1364.0  |  924
-1384.0  |  14268
-1380.0  |  6032
-1388.0  |  6154
-1392.0  |  5786
-1396.0  |  6306
-1400.0  |  50497
-1404.0  |  6145
-1376.0  |  5759
-1368.0  |  53240
-1352.0  |  5906
-1348.0  |  7489
-1344.0  |  5975
-1372.0  |  5944
-1360.0  |  6020
-1364.0  |  6194
1352.0  |  13085
1396.0  |  39174
1400.0  |  1514
1356.0  |  800
1392.0  |  1282
-1416.0  |  20356
-1428.0  |  5914
1432.0  |  15797
1448.0  |  133249480
1452.0  |  298
1444.0  |  1937
-1448.0  |  33138656
-1440.0  |  7816
-1460.0  |  448928
-1444.0  |  6130
-1424.0  |  8844
-1432.0  |  6178
-1436.0  |  7436
-1420.0  |  6072
-1412.0  |  5993
-1408.0  |  6315
1440.0  |  87695
1424.0  |  4884
1428.0  |  809
1408.0  |  3219
1436.0  |  9672
1416.0  |  3227
1412.0  |  296
1420.0  |  632
1460.0  |  9312783
1456.0  |  112
1041.0  |  8495
1037.0  |  6658
-1057.0  |  2300713
-1085.0  |  68
-1073.0  |  26
-1081.0  |  43
-1077.0  |  41
-1061.0  |  48
-1069.0  |  68
-1049.0  |  148
-1045.0  |  322
-1041.0  |  46
-1065.0  |  51
-1053.0  |  31
-1037.0  |  107
-1033.0  |  45
-1029.0  |  45
-1025.0  |  99
1057.0  |  1494452
1077.0  |  3117
1073.0  |  783
1085.0  |  20674
1081.0  |  1559
1049.0  |  8440
1045.0  |  891
1053.0  |  1150
1061.0  |  4056
1069.0  |  5360
1065.0  |  879
1025.0  |  2534
1033.0  |  6753
1029.0  |  1698
1089.0  |  2026
1141.0  |  5637
1101.0  |  1958
1137.0  |  631
1097.0  |  2220
1149.0  |  8547
1145.0  |  554
1105.0  |  3448
-1097.0  |  30
-1101.0  |  43
1109.0  |  614
-1093.0  |  3463
-1129.0  |  454
-1089.0  |  987
-1117.0  |  40
-1105.0  |  70
-1109.0  |  44
-1113.0  |  104
-1133.0  |  40
-1137.0  |  55
-1121.0  |  217
-1145.0  |  47
-1149.0  |  51
-1141.0  |  33
-1125.0  |  61
1113.0  |  8804
1121.0  |  27489
1125.0  |  1071
1129.0  |  8839
1133.0  |  2136
1117.0  |  955
1093.0  |  2982
1177.0  |  2774
1165.0  |  28497
1157.0  |  81668
1181.0  |  1426786
1153.0  |  1064
1201.0  |  1878
1161.0  |  1070
1209.0  |  11809
1213.0  |  2982
1185.0  |  4086
1193.0  |  22598
1189.0  |  1368
-1209.0  |  110769
-1205.0  |  1672
-1201.0  |  103
1173.0  |  334
1169.0  |  1523
-1161.0  |  443
-1165.0  |  478
-1181.0  |  372
-1177.0  |  51
-1173.0  |  46
-1153.0  |  56
-1157.0  |  77
-1185.0  |  519
-1213.0  |  28
-1197.0  |  8396
-1193.0  |  62
-1189.0  |  43
-1169.0  |  340
1197.0  |  1736
1205.0  |  2467
1241.0  |  2229
1277.0  |  1201
1237.0  |  11122
1233.0  |  2169
-1229.0  |  41
-1225.0  |  35
-1237.0  |  273
-1241.0  |  59
-1233.0  |  40
-1257.0  |  45
-1253.0  |  38
-1261.0  |  40
-1217.0  |  70
-1221.0  |  62
-1245.0  |  1672
-1269.0  |  56
-1273.0  |  47
-1277.0  |  43
-1265.0  |  79
-1249.0  |  37
1221.0  |  3375
1245.0  |  1005
1217.0  |  812
1249.0  |  1510
1257.0  |  9759
1253.0  |  1277
1261.0  |  1489
1273.0  |  7848
1265.0  |  3349
1269.0  |  2869
1229.0  |  11873
1225.0  |  852
-1289.0  |  36
1281.0  |  5329
1309.0  |  15038
1305.0  |  1519
1285.0  |  1675
1329.0  |  1548
1293.0  |  8499
1289.0  |  501
1317.0  |  19794
1321.0  |  1771
1325.0  |  492
1301.0  |  4837
1297.0  |  1528
-1293.0  |  45
-1297.0  |  43
-1281.0  |  366
-1285.0  |  35
-1309.0  |  36
-1301.0  |  202
-1305.0  |  27
-1337.0  |  2544
-1333.0  |  30
-1329.0  |  42
-1341.0  |  43
-1321.0  |  36
-1317.0  |  204
-1313.0  |  35
-1325.0  |  70
1313.0  |  515
1333.0  |  1031
1337.0  |  1919
1341.0  |  706
1345.0  |  8049
1397.0  |  62509
1393.0  |  643
1401.0  |  2644
1405.0  |  475
1377.0  |  885
1381.0  |  5197
1389.0  |  6192
1385.0  |  698
1365.0  |  2219
-1361.0  |  30022
-1389.0  |  47
-1385.0  |  93
-1381.0  |  37
-1397.0  |  1863
-1401.0  |  43
-1405.0  |  36
-1393.0  |  76
-1377.0  |  38
1361.0  |  6489
-1357.0  |  28
-1353.0  |  61
-1345.0  |  74
-1373.0  |  55
-1349.0  |  47
-1365.0  |  27
-1369.0  |  38
1373.0  |  6134
1369.0  |  666
1349.0  |  1428
1353.0  |  1376
1357.0  |  1529
1425.0  |  14199
1417.0  |  2080
1433.0  |  1613
1429.0  |  2020
1409.0  |  2840
1445.0  |  2212
1453.0  |  52
1449.0  |  41
1421.0  |  833
1441.0  |  364
1457.0  |  112
1437.0  |  2264
1413.0  |  718
-1417.0  |  91
-1421.0  |  42
-1409.0  |  33
-1413.0  |  42
-1433.0  |  194
-1429.0  |  66
-1441.0  |  99
-1445.0  |  40
-1425.0  |  42
-1453.0  |  1
-1437.0  |  44
515.0  |  1396
541.0  |  8774
543.0  |  3592781
-543.0  |  10429718
-513.0  |  67
-515.0  |  43
-527.0  |  58
-525.0  |  47
-529.0  |  45
-521.0  |  2429
-535.0  |  142
-533.0  |  43
-531.0  |  467
-523.0  |  106
-537.0  |  54
-539.0  |  34
-541.0  |  54
-517.0  |  1602
529.0  |  2126
531.0  |  931
533.0  |  8711
535.0  |  7935
517.0  |  57599
519.0  |  6710
539.0  |  1123
537.0  |  648
513.0  |  1555
523.0  |  13409
521.0  |  4453
-519.0  |  67
525.0  |  1589
527.0  |  7422
545.0  |  1322
571.0  |  17503
549.0  |  11533
567.0  |  3829
565.0  |  527
557.0  |  159811
563.0  |  2701
573.0  |  2984
575.0  |  1672
555.0  |  7335
551.0  |  813
569.0  |  3124
559.0  |  810
547.0  |  7247
553.0  |  1477
-563.0  |  56
-545.0  |  57
-549.0  |  135
-547.0  |  56
-551.0  |  43
-557.0  |  689
-559.0  |  37
-555.0  |  98
-565.0  |  58
-567.0  |  59
-553.0  |  94
-571.0  |  60
-569.0  |  75
-573.0  |  49
-575.0  |  4036
-561.0  |  43
561.0  |  7492
591.0  |  3742
603.0  |  875
581.0  |  3960
579.0  |  3362
577.0  |  1306
583.0  |  1939
601.0  |  361
607.0  |  74801
585.0  |  11799
-581.0  |  56
-583.0  |  45
-577.0  |  70
-591.0  |  51
-579.0  |  5871
-593.0  |  119
-603.0  |  32
-601.0  |  61
-605.0  |  37
-607.0  |  329
-595.0  |  61
-597.0  |  67
-599.0  |  84
-585.0  |  111
-587.0  |  68
-589.0  |  703
597.0  |  1987
595.0  |  625
593.0  |  2261
599.0  |  11788
605.0  |  2636
587.0  |  2477
589.0  |  1059
621.0  |  56003
635.0  |  7297
613.0  |  13133
637.0  |  630059
-637.0  |  68873
-633.0  |  4789
-635.0  |  69
619.0  |  1665
-615.0  |  601
-613.0  |  92
-611.0  |  71
-609.0  |  47
617.0  |  1062
-631.0  |  30
-627.0  |  85
-639.0  |  100
-625.0  |  3668
-629.0  |  115
-621.0  |  46
-617.0  |  50
-619.0  |  63
-623.0  |  49
615.0  |  6791
633.0  |  909
611.0  |  1216
623.0  |  640
609.0  |  919
639.0  |  842
625.0  |  33242
629.0  |  8952
631.0  |  552
627.0  |  4979
641.0  |  1964
665.0  |  66307
651.0  |  38767
669.0  |  1880
667.0  |  505
649.0  |  3626
-647.0  |  533
-641.0  |  53
-653.0  |  41
-655.0  |  30
-645.0  |  97
-643.0  |  41
-651.0  |  529
-669.0  |  50
-667.0  |  42
-665.0  |  435
-659.0  |  63
-661.0  |  45
-657.0  |  49
-671.0  |  223
-663.0  |  43
-649.0  |  70
663.0  |  2633
661.0  |  2470
671.0  |  2410
657.0  |  3032
659.0  |  336
643.0  |  5230
647.0  |  1178
645.0  |  1112
653.0  |  667
655.0  |  1672
687.0  |  1688
699.0  |  2670
701.0  |  15442
703.0  |  748
689.0  |  978
-695.0  |  250310
-683.0  |  18408
-685.0  |  36
-681.0  |  41
-687.0  |  131
-673.0  |  1060
-675.0  |  47
-677.0  |  43
-679.0  |  123
-693.0  |  57
-697.0  |  122
-699.0  |  42
-701.0  |  87
-703.0  |  134
-691.0  |  47
-689.0  |  40
679.0  |  12730
697.0  |  830
677.0  |  3337
675.0  |  1168
673.0  |  2214
691.0  |  2055
695.0  |  11536
693.0  |  7167
685.0  |  2357
683.0  |  1740
681.0  |  398
713.0  |  2006
709.0  |  18481
731.0  |  2426674
723.0  |  24178
-711.0  |  57
-707.0  |  409
-705.0  |  38
-719.0  |  51
-713.0  |  59
-715.0  |  42
-717.0  |  43
-727.0  |  47
-709.0  |  418
-725.0  |  38
-731.0  |  7715
-729.0  |  240
-723.0  |  303
-721.0  |  45
-735.0  |  39
-733.0  |  45
721.0  |  2564
729.0  |  4643
711.0  |  884
719.0  |  2029
705.0  |  934
707.0  |  114490
715.0  |  11753
717.0  |  705
727.0  |  1808
725.0  |  1317
735.0  |  2148
733.0  |  1224
745.0  |  22620
739.0  |  1099
751.0  |  3102
749.0  |  1355
747.0  |  4171
767.0  |  5518
757.0  |  2103
753.0  |  1566
755.0  |  2268
759.0  |  7948
743.0  |  5480
741.0  |  1405
737.0  |  4572
-749.0  |  43
-743.0  |  46
-741.0  |  47
-739.0  |  39
-737.0  |  56
-751.0  |  84
-747.0  |  36
-745.0  |  310
-759.0  |  57
-755.0  |  100
-757.0  |  35
-767.0  |  457
-765.0  |  942
-761.0  |  36
-763.0  |  43
-753.0  |  74
765.0  |  5367
763.0  |  1153
761.0  |  431
779.0  |  6565
795.0  |  100954
771.0  |  3416
789.0  |  12760
791.0  |  2174
773.0  |  8817
775.0  |  443
793.0  |  5969
797.0  |  937
785.0  |  1836
799.0  |  4142
787.0  |  73137
777.0  |  944
-769.0  |  48
-791.0  |  48
-777.0  |  66
-783.0  |  39
-781.0  |  209
-779.0  |  42
-771.0  |  47
-773.0  |  62
-775.0  |  57
-787.0  |  5700
-785.0  |  43
-797.0  |  51
-799.0  |  46
-793.0  |  59
-795.0  |  62
-789.0  |  14396
781.0  |  3809
783.0  |  1243
769.0  |  1117
803.0  |  18551
809.0  |  8822
-807.0  |  48
-805.0  |  52
-803.0  |  346
-801.0  |  52
-817.0  |  90
-825.0  |  753
-827.0  |  45
-831.0  |  108
-829.0  |  37
-823.0  |  4153
-809.0  |  44
-811.0  |  145
-815.0  |  53
-813.0  |  53
-819.0  |  325
-821.0  |  80
811.0  |  818
813.0  |  711
805.0  |  1323
807.0  |  1713
815.0  |  1765
801.0  |  6846
827.0  |  828
825.0  |  873
831.0  |  9305
829.0  |  2170
817.0  |  10179
819.0  |  3403
823.0  |  2595
821.0  |  1686
839.0  |  1188
863.0  |  2360
855.0  |  712
853.0  |  6037
851.0  |  3369
861.0  |  2308
849.0  |  2104
859.0  |  4077
857.0  |  2341
845.0  |  5778
833.0  |  431
847.0  |  6200
843.0  |  4043
-847.0  |  50122
-845.0  |  18243
-843.0  |  39
-851.0  |  94
-841.0  |  39
-853.0  |  40
-855.0  |  43
-849.0  |  53
-863.0  |  57
-859.0  |  67
-857.0  |  71
-861.0  |  227
841.0  |  600
-839.0  |  79
-837.0  |  45
-835.0  |  58
-833.0  |  45
837.0  |  3516
835.0  |  1954
875.0  |  6159
869.0  |  600
883.0  |  63230
887.0  |  3490
885.0  |  1102
877.0  |  672
879.0  |  644
865.0  |  2494
867.0  |  4207
895.0  |  3237
881.0  |  3588
889.0  |  4576
871.0  |  656
891.0  |  709
893.0  |  556
873.0  |  4048
-871.0  |  63
-877.0  |  833
-875.0  |  52
-885.0  |  43
-887.0  |  41
-873.0  |  38
-879.0  |  52
-865.0  |  64
-869.0  |  140
-867.0  |  37
-881.0  |  4058
-893.0  |  69
-895.0  |  34
-883.0  |  3084
-891.0  |  64
-889.0  |  72
-903.0  |  62
897.0  |  38955
915.0  |  2075
917.0  |  4908
919.0  |  1667
-905.0  |  48723
-907.0  |  144
-911.0  |  65
-897.0  |  235
-899.0  |  48
-901.0  |  47
-909.0  |  186
-925.0  |  59
-923.0  |  46
-921.0  |  63
-927.0  |  127
-913.0  |  28
-915.0  |  101
-919.0  |  259
-917.0  |  71
909.0  |  2857
907.0  |  788
905.0  |  599
913.0  |  707
927.0  |  489
911.0  |  9245
925.0  |  7356
903.0  |  1933
923.0  |  1585
921.0  |  889
901.0  |  2638
899.0  |  738
937.0  |  1571
933.0  |  1491
947.0  |  10459
945.0  |  1552
957.0  |  980
959.0  |  1154
941.0  |  3684
939.0  |  7566
-931.0  |  44
-935.0  |  816
-933.0  |  65
-953.0  |  48
-949.0  |  56
-947.0  |  48
-957.0  |  45
-959.0  |  37
-945.0  |  58
-951.0  |  72
-937.0  |  42
-941.0  |  9374
-929.0  |  61
-943.0  |  37
-939.0  |  46
-955.0  |  157
929.0  |  6095
943.0  |  1048
955.0  |  4603
953.0  |  7409
935.0  |  475
931.0  |  1975
951.0  |  1057
949.0  |  682
961.0  |  18252
991.0  |  21069
977.0  |  57483
983.0  |  4008
975.0  |  4432
981.0  |  2462
979.0  |  818
987.0  |  893
967.0  |  4867
985.0  |  490
989.0  |  2986
965.0  |  3011
963.0  |  742
969.0  |  7019
-981.0  |  35
-977.0  |  695
-979.0  |  35
-991.0  |  140
-989.0  |  44
-987.0  |  111
-985.0  |  93
-963.0  |  1255
-983.0  |  52
-975.0  |  49
-961.0  |  55
-971.0  |  40
-973.0  |  33
-969.0  |  47
-967.0  |  156
-965.0  |  50
973.0  |  787
971.0  |  759
993.0  |  1423
1023.0  |  3278
1013.0  |  1769
1015.0  |  1187
1011.0  |  11224
1009.0  |  2272
1005.0  |  22040
1019.0  |  16418
1021.0  |  745
1007.0  |  818
1003.0  |  3580
-999.0  |  14803
-1007.0  |  50
-1005.0  |  35
-993.0  |  513
-995.0  |  49
-997.0  |  43
-1003.0  |  53
-1009.0  |  104
-1013.0  |  197
-1015.0  |  46
-1001.0  |  34
-1011.0  |  135
-1021.0  |  1191
-1019.0  |  48
-1017.0  |  48
-1023.0  |  38
1001.0  |  1788
997.0  |  3994
995.0  |  2191
1017.0  |  10259
999.0  |  550
1046.0  |  5134
1034.0  |  15892
1086.0  |  79284
1058.0  |  989
-1086.0  |  1325629
-1078.0  |  141
-1074.0  |  419
-1082.0  |  46
-1042.0  |  148
-1050.0  |  1024
-1046.0  |  59
-1066.0  |  80
-1058.0  |  59
-1062.0  |  80
-1070.0  |  73
-1054.0  |  218
-1030.0  |  163
-1026.0  |  49
-1034.0  |  165
1042.0  |  1146
-1038.0  |  102
1078.0  |  4180
1082.0  |  1001
1070.0  |  4533
1062.0  |  3421
1066.0  |  5495
1054.0  |  3103
1050.0  |  604
1026.0  |  6205
1038.0  |  2391
1074.0  |  826
1030.0  |  2402
1114.0  |  22185
1142.0  |  6439
1138.0  |  532
1098.0  |  5086
1094.0  |  1842
1102.0  |  887
1146.0  |  1312
1150.0  |  10495
1134.0  |  1958
1130.0  |  1414
1106.0  |  4918
-1114.0  |  82
-1126.0  |  60
-1150.0  |  321
-1146.0  |  43
-1138.0  |  59
-1142.0  |  122
-1122.0  |  4172
-1134.0  |  54
-1110.0  |  53
-1106.0  |  79
-1130.0  |  55
-1090.0  |  47
-1118.0  |  2353
-1102.0  |  46
-1094.0  |  58
-1098.0  |  95
1110.0  |  1793
1126.0  |  1495
1122.0  |  3472
1090.0  |  5061
1118.0  |  1747
1178.0  |  4857
1162.0  |  1455
1194.0  |  32389
1198.0  |  2106
1154.0  |  1511
1182.0  |  998
1158.0  |  4986
1214.0  |  1629
1210.0  |  784
1186.0  |  6244
1190.0  |  635
1170.0  |  6379
1174.0  |  827
-1162.0  |  42
-1166.0  |  48
-1158.0  |  611
-1154.0  |  63
-1182.0  |  59
-1174.0  |  46
-1178.0  |  69
-1190.0  |  383
-1198.0  |  45
-1194.0  |  307
-1186.0  |  522
-1214.0  |  209
-1210.0  |  38
-1206.0  |  46
-1202.0  |  55
-1170.0  |  420
1206.0  |  2991
1166.0  |  416
1202.0  |  469
1234.0  |  2391
1222.0  |  17756
1274.0  |  587710
1246.0  |  509
1218.0  |  932
-1238.0  |  145689
-1234.0  |  61
-1242.0  |  41
-1226.0  |  11422
-1218.0  |  32
-1222.0  |  78
-1230.0  |  121
-1246.0  |  94
-1250.0  |  572
-1254.0  |  53
-1258.0  |  54
-1274.0  |  9785
-1266.0  |  207
-1270.0  |  61
-1278.0  |  119
-1262.0  |  53
1238.0  |  3688
1242.0  |  2586
1250.0  |  36287
1278.0  |  15724
1258.0  |  11727
1262.0  |  1256
1254.0  |  843
1270.0  |  2205
1266.0  |  8270
1230.0  |  1521
1226.0  |  1717
1306.0  |  1328
1294.0  |  1906
1302.0  |  16341
1330.0  |  20011
1334.0  |  1569
1290.0  |  3743
1286.0  |  14645
1282.0  |  844
1310.0  |  1368
1322.0  |  2415
1318.0  |  327
1326.0  |  850
1298.0  |  10348621
-1298.0  |  363263
-1302.0  |  84
-1306.0  |  50
-1310.0  |  282
-1294.0  |  78
-1290.0  |  48
-1282.0  |  55
-1286.0  |  111
-1326.0  |  47
-1334.0  |  49
-1330.0  |  193
-1342.0  |  55
-1314.0  |  47
-1338.0  |  56
-1322.0  |  56
-1318.0  |  61
1314.0  |  2778
1338.0  |  28139
1342.0  |  1162
1374.0  |  3546
1402.0  |  2292
1386.0  |  1618
1390.0  |  1472
1382.0  |  35097
1378.0  |  1172
1406.0  |  1025
1366.0  |  4602
1362.0  |  742
-1354.0  |  100
-1358.0  |  48
1370.0  |  1030
-1390.0  |  34190
-1362.0  |  39
-1374.0  |  79
-1346.0  |  294
-1370.0  |  42
-1366.0  |  2981
-1386.0  |  141
-1406.0  |  47
-1378.0  |  43
-1382.0  |  118
-1402.0  |  68
-1394.0  |  46
-1398.0  |  49
-1350.0  |  42
1346.0  |  6768
1398.0  |  674
1394.0  |  2263
1358.0  |  3112
1354.0  |  515
1350.0  |  1348
1438.0  |  3118
1426.0  |  15891
1418.0  |  2745
1446.0  |  6963
1450.0  |  267
1454.0  |  288
-1426.0  |  2710
-1430.0  |  54
-1446.0  |  54
-1442.0  |  29
-1458.0  |  1
-1434.0  |  53
-1418.0  |  153
-1414.0  |  97
-1422.0  |  44
-1410.0  |  45
-1438.0  |  49
1422.0  |  1005
1458.0  |  41
1442.0  |  749
1430.0  |  2023
1434.0  |  703
1410.0  |  8165
1414.0  |  4894
1051.0  |  682
1039.0  |  1639
1035.0  |  4943
1087.0  |  1145
1075.0  |  5429
1079.0  |  517
1083.0  |  4972
1047.0  |  5315
1043.0  |  2395
-1055.0  |  53
-1039.0  |  45
-1035.0  |  1371
-1031.0  |  464
-1027.0  |  49
-1051.0  |  33
-1071.0  |  912
-1043.0  |  46
-1047.0  |  34
-1075.0  |  42
-1063.0  |  112
-1059.0  |  44
-1083.0  |  65
-1087.0  |  35
-1079.0  |  28
-1067.0  |  89
1071.0  |  119224
1067.0  |  1170
1063.0  |  9429
1059.0  |  1659
1055.0  |  8153
1027.0  |  1639
1031.0  |  201103
1107.0  |  2391
1099.0  |  10588
1143.0  |  9308
1151.0  |  586721
1095.0  |  17010
1139.0  |  30775
1103.0  |  1015
1147.0  |  1005
1135.0  |  30545
-1147.0  |  2609
-1139.0  |  1214
-1143.0  |  93
-1151.0  |  26698
-1131.0  |  40
-1127.0  |  84
-1123.0  |  33
-1115.0  |  48
-1111.0  |  35
-1107.0  |  171
-1135.0  |  51
-1119.0  |  34
-1091.0  |  71
-1103.0  |  454
-1099.0  |  63
-1095.0  |  63
1127.0  |  7017
1123.0  |  1538
1131.0  |  920
1119.0  |  2577
1111.0  |  1725
1115.0  |  302
1091.0  |  1519
1171.0  |  2764
1159.0  |  1179
1183.0  |  1363
1155.0  |  1941
1179.0  |  10932
1175.0  |  2421
1163.0  |  3485
1167.0  |  614
1203.0  |  1130
1215.0  |  14475
1191.0  |  2385
1187.0  |  2358
-1179.0  |  335
-1199.0  |  46
-1211.0  |  65
-1207.0  |  61
-1203.0  |  30
-1187.0  |  1137
-1191.0  |  37
-1195.0  |  43
-1215.0  |  59
-1171.0  |  349
-1175.0  |  51
-1163.0  |  52
-1167.0  |  40
-1159.0  |  60
-1155.0  |  49
-1183.0  |  41
1199.0  |  3303
1195.0  |  387
1207.0  |  6946
1211.0  |  692
1235.0  |  2103
1219.0  |  899
1243.0  |  3126
-1267.0  |  146921
-1275.0  |  76
-1279.0  |  527
-1251.0  |  47
-1271.0  |  27
-1219.0  |  339
-1235.0  |  40
-1259.0  |  428
-1263.0  |  44
-1243.0  |  236
-1239.0  |  47
-1247.0  |  30
-1223.0  |  368
-1227.0  |  37
-1231.0  |  54
-1255.0  |  11759
1223.0  |  18267
1247.0  |  1226
1227.0  |  1859
1239.0  |  1722
1279.0  |  5553
1275.0  |  361
1251.0  |  5722
1255.0  |  1544
1263.0  |  1642
1259.0  |  25173
1267.0  |  2632
1231.0  |  643
1271.0  |  2271
1303.0  |  25294
1295.0  |  7870
1331.0  |  9519
1307.0  |  3782
1311.0  |  610
1291.0  |  910
1287.0  |  7276
1283.0  |  990
1323.0  |  16813
1319.0  |  683
1327.0  |  901
1299.0  |  846
-1295.0  |  164
-1291.0  |  63
-1319.0  |  45
-1315.0  |  52
-1327.0  |  42
-1299.0  |  22
-1323.0  |  44
-1339.0  |  347
-1331.0  |  53
-1335.0  |  39
-1343.0  |  32
-1307.0  |  30
-1287.0  |  39
-1283.0  |  39
-1311.0  |  31
-1303.0  |  8046
1315.0  |  8855
1343.0  |  1988
1339.0  |  612
1335.0  |  1605
1367.0  |  15895
1395.0  |  3605
1403.0  |  3938
1399.0  |  981
1407.0  |  665
1387.0  |  4192
1383.0  |  370
1391.0  |  740
1379.0  |  2160
1363.0  |  1676
-1359.0  |  140
-1355.0  |  38
-1371.0  |  54
-1375.0  |  217
-1347.0  |  33
-1363.0  |  46
-1367.0  |  44
-1351.0  |  28
-1391.0  |  36
-1387.0  |  101
-1383.0  |  94
-1399.0  |  38
-1407.0  |  42
-1403.0  |  45
-1395.0  |  2814
-1379.0  |  48
1371.0  |  1337
1375.0  |  2467
1347.0  |  398
1351.0  |  2788
1359.0  |  8956
1355.0  |  534
1411.0  |  33465
1423.0  |  2766
1443.0  |  5994
1459.0  |  55
1419.0  |  525
1415.0  |  2472
1439.0  |  7156
1431.0  |  950
1435.0  |  867
1447.0  |  1339
1455.0  |  375
1451.0  |  62
-1419.0  |  32738
-1423.0  |  32
-1411.0  |  217
-1415.0  |  42
-1431.0  |  50
-1435.0  |  39
-1443.0  |  44
-1447.0  |  45
-1455.0  |  5
-1427.0  |  38
-1439.0  |  57
1427.0  |  638
1.0  |  1707
-1.0  |  51
